37.000008,-122.06241,6.529373,37.0000877,-122.0623226,18.0,37.0000877,-122.0623226,none
37.00001,-122.06239,6.4941354,37.0001013,-122.062358,8.0,37.0001013,-122.062358,none
37.000004,-122.062386,6.282708,37.0000813,-122.0623259,7.0,37.0000813,-122.0623259,none
37.00002,-122.062386,6.4588976,37.0000645,-122.0623046,15.0,37.0000645,-122.0623046,none
36.999966,-122.062416,4.702516,37.0000276,-122.0622662,8.0,36.99998157169576,-122.06237758890778,north_science_hill_busstop
36.999973,-122.06239,4.4448433,36.9999938,-122.0622918,8.0,36.999978133367456,-122.0623692728204,north_science_hill_busstop
37.0,-122.06239,5.7332087,37.0000008,-122.0622922,19.0,37.00000006676256,-122.06238476066602,north_science_hill_busstop
36.999985,-122.06239,5.346699,36.9999998,-122.0622914,17.0,36.99998609670799,-122.06238402612095,north_science_hill_busstop
36.999977,-122.06241,4.3160067,36.9999998,-122.0622914,104.116,36.99997715073735,-122.06240824647433,north_science_hill_busstop
37.0,-122.06241,6.282708,36.9999569,-122.0622859,10.0,36.9999569,-122.0622859,none
36.99993,-122.06241,4.5736794,36.9999327,-122.0622478,9.0,36.99993161552009,-122.06237547478857,north_science_hill_busstop
36.999985,-122.062386,5.990882,36.9999414,-122.0622565,16.0,36.99997941200685,-122.06236969007023,north_science_hill_busstop
36.999992,-122.06241,4.702516,36.9999357,-122.0622725,20.0,36.99998940175019,-122.06240132527084,north_science_hill_busstop
36.999992,-122.06242,4.4448433,36.9999417,-122.0622755,13.0,36.999987067054064,-122.06240819373897,north_science_hill_busstop
36.999977,-122.06241,5.346699,36.9999305,-122.06228,19.0,36.99997369152692,-122.06239902204116,north_science_hill_busstop
0.0,0.0,4.9601893,36.9998893,-122.0622734,11.0,6.252089472976248,-20.625582103341287,north_science_hill_busstop
36.99995,-122.06236,4.0583334,36.9998983,-122.0622922,9.0,36.99994160379347,-122.06235076303145,north_science_hill_busstop
36.999935,-122.06238,6.1197186,36.999893,-122.0622904,9.0,36.99992182342199,-122.0623502551922,north_science_hill_busstop
36.999935,-122.06235,4.0583334,36.9998874,-122.0622892,12.0,36.99993024924345,-122.06234143742817,north_science_hill_busstop
36.999924,-122.06241,4.702516,36.9998746,-122.0623072,15.0,36.999919311661905,-122.0623993868706,north_science_hill_busstop
36.999916,-122.06242,4.5736794,36.9998765,-122.0622966,18.0,36.99991367642361,-122.06241599735475,north_science_hill_busstop