36.99993,-122.06238,5.2178626,37.0002107,-122.0635258,17.0,36.99995538787464,-122.06247675777794,north_science_hill_busstop
36.99994,-122.062355,5.2178626,37.0000797,-122.0635391,13.0,36.99995849164598,-122.06251932793165,north_science_hill_busstop
36.99994,-122.06234,2.7522159,37.0000801,-122.0634795,15.0,36.999943561454636,-122.0623769020054,north_science_hill_busstop
36.999928,-122.06241,3.9294968,37.0001377,-122.0633555,14.0,36.99994286955857,-122.06247760789596,north_science_hill_busstop
36.99995,-122.06238,3.4299057,37.000065,-122.0631277,13.0,36.99995786659506,-122.06242672521732,north_science_hill_busstop
36.999924,-122.06241,5.346699,37.0000553,-122.063049,11.0,36.999948854607915,-122.06253086151877,north_science_hill_busstop
36.999928,-122.0624,4.5736794,37.0000505,-122.0630114,12.0,36.999943119645295,-122.06247826512869,north_science_hill_busstop
36.999947,-122.062355,3.1475348,37.0000286,-122.0629805,14.0,36.99995053985051,-122.06238513471494,north_science_hill_busstop
36.999935,-122.06239,4.0583334,37.0000154,-122.0629479,16.0,36.999940001030474,-122.06242671926985,north_science_hill_busstop
36.999943,-122.06235,3.3169575,37.0000214,-122.0629222,17.0,36.999945662848326,-122.0623684917386,north_science_hill_busstop
36.999928,-122.06239,3.9294968,37.0000115,-122.0629252,26.0,36.99992939613835,-122.06240506911605,north_science_hill_busstop
36.999947,-122.06241,4.8313527,37.0000083,-122.0628653,19.0,36.99995034177067,-122.06243619297969,north_science_hill_busstop
36.999947,-122.06237,2.865164,36.9998143,-122.0621308,14.0,36.99994127603805,-122.06236067243216,north_science_hill_busstop
36.99994,-122.06235,2.9216383,36.9997837,-122.0621853,16.0,36.99993395480274,-122.06234218112279,north_science_hill_busstop
36.99994,-122.06235,2.6392674,36.9998489,-122.0622733,17.0,36.99993684511314,-122.06234566783603,north_science_hill_busstop
36.99994,-122.06238,3.1475348,36.9998489,-122.0622733,112.72,36.99993889467303,-122.0623778481691,north_science_hill_busstop
36.999935,-122.06234,3.0910609,36.9998241,-122.0622991,14.0,36.99992998827805,-122.06233789168787,north_science_hill_busstop
36.999943,-122.06237,2.865164,36.9998193,-122.062275,13.0,36.99993705938583,-122.06236588553357,north_science_hill_busstop
36.999943,-122.06235,3.204009,36.9998222,-122.0622667,9.0,36.99992921660757,-122.06233833351313,north_science_hill_busstop
36.999943,-122.06233,2.5827935,36.9998243,-122.062264,14.0,36.99993887983835,-122.06232991008335,north_science_hill_busstop
36.99994,-122.06235,3.1475348,36.9998239,-122.0622653,19.0,36.99993589144617,-122.06234521888382,north_science_hill_busstop
36.999958,-122.06233,2.865164,36.999827,-122.0622612,16.0,36.99995396687681,-122.06232994875066,north_science_hill_busstop
36.99995,-122.06233,2.7522159,36.9998328,-122.0622674,17.0,36.99994740513412,-122.0623304994824,north_science_hill_busstop
36.99996,-122.06234,4.8313527,36.9998342,-122.062267,17.0,36.99995231324946,-122.06233434351024,north_science_hill_busstop
36.999954,-122.062355,3.3734314,36.999838,-122.06227,18.0,36.99995027995877,-122.0623521558948,north_science_hill_busstop
36.999947,-122.06238,5.990882,36.9998392,-122.0622643,22.0,36.99993918027415,-122.06237008525896,north_science_hill_busstop
36.999966,-122.062294,4.4448433,36.9998352,-122.0622605,11.0,36.99994735524601,-122.06228930338932,north_science_hill_busstop
36.999966,-122.06232,4.9601893,36.9998294,-122.0622574,12.0,36.99994578284417,-122.0623082127862,north_science_hill_busstop
36.99999,-122.06227,6.176995,36.9998395,-122.0622739,19.0,36.999974307649076,-122.06227138407985,north_science_hill_busstop
36.999992,-122.06227,6.176995,36.9998455,-122.0622742,11.0,36.99995716041718,-122.06227185699142,north_science_hill_busstop
36.999977,-122.06232,5.7332087,36.9998498,-122.0622807,14.0,36.999958827617164,-122.06231169636473,north_science_hill_busstop
36.999973,-122.06227,4.9601893,36.9998611,-122.0622821,10.0,36.99995114332837,-122.06227328657353,north_science_hill_busstop
36.99999,-122.06229,5.8620453,36.9998685,-122.0623065,16.0,36.99997434768597,-122.06228875844961,north_science_hill_busstop
36.999973,-122.06227,5.8620453,36.9998796,-122.0623125,15.0,36.99996088300904,-122.06227660092247,north_science_hill_busstop