36.99997,-122.06227,3.3169575,36.999925,-122.0623298,8.0,36.99996295721644,-122.06227972630677,north_science_hill_busstop
36.999954,-122.06229,3.8006604,36.9999072,-122.062436,9.0,36.999947106893906,-122.06230902148513,north_science_hill_busstop
36.99997,-122.062294,3.0345867,36.9999123,-122.0623512,11.0,36.99996543832473,-122.06229805123905,north_science_hill_busstop
36.999966,-122.0623,2.9216383,36.9999404,-122.0623357,15.0,36.99996474416435,-122.0623028808244,north_science_hill_busstop
36.99997,-122.0623,2.865164,36.9999372,-122.0623391,8.0,36.99996581236521,-122.06230589490063,north_science_hill_busstop
36.999966,-122.0623,3.204009,36.9999432,-122.0623443,10.0,36.99996357599173,-122.0623056077613,north_science_hill_busstop
36.999966,-122.0623,2.9781125,36.9999352,-122.0623518,15.0,36.99996451227965,-122.06230353815006,north_science_hill_busstop
36.999966,-122.0623,2.6957417,36.9999339,-122.062336,16.0,36.99996479083246,-122.06230258430706,north_science_hill_busstop
36.99997,-122.06229,2.5827935,36.9999433,-122.062328,9.0,36.99996749021655,-122.0622895440267,north_science_hill_busstop
36.99997,-122.0623,1.4336011,36.9999433,-122.062328,88.511,36.99996947555502,-122.06230164265675,north_science_hill_busstop
36.99996,-122.06231,2.6957417,36.9999474,-122.0623252,12.0,36.999961158689075,-122.06231003066391,north_science_hill_busstop
36.999958,-122.06233,1.6740437,36.9999471,-122.0623269,14.0,36.9999578841377,-122.06233207926678,north_science_hill_busstop
36.999958,-122.06234,3.1475348,36.9999552,-122.0623205,11.0,36.99995782352665,-122.06233832340844,north_science_hill_busstop
0.0,0.0,4.4448433,36.9999477,-122.0623144,15.0,2.986617118808104,-9.852808460817823,north_science_hill_busstop
36.999935,-122.062386,3.3169575,36.9999438,-122.0623174,14.0,36.99993560988785,-122.06238193641379,north_science_hill_busstop
36.999943,-122.06234,3.0345867,36.9999386,-122.0623169,12.0,36.9999425283268,-122.06233840733339,north_science_hill_busstop
36.999935,-122.06237,2.865164,36.9999386,-122.0623169,77.661,36.99993515483573,-122.06237022770814,north_science_hill_busstop
36.99993,-122.06235,3.1475348,36.99995,-122.0623112,14.0,36.999932233472464,-122.06234566980568,north_science_hill_busstop
36.999947,-122.062386,3.2604833,36.9999212,-122.0624148,9.0,36.999943648067664,-122.062388951534,north_science_hill_busstop
36.999973,-122.062416,3.8006604,36.9999595,-122.0623789,17.0,36.99997264032915,-122.06241430692417,north_science_hill_busstop
36.999958,-122.06242,3.8006604,36.9999177,-122.0623713,16.0,36.999955883777716,-122.06242090694057,north_science_hill_busstop
36.99999,-122.06241,5.346699,36.9999092,-122.0623936,15.0,36.999979610020134,-122.06240677351532,north_science_hill_busstop
36.999958,-122.06238,4.18717,36.9999117,-122.0623896,16.0,36.999955068218206,-122.06237867771043,north_science_hill_busstop
36.99993,-122.0624,4.9601893,36.9999137,-122.0624112,11.0,36.99992835548338,-122.06240257220064,north_science_hill_busstop
36.999958,-122.06241,4.4448433,36.9999225,-122.0624112,14.0,36.999954784118614,-122.06240869933093,north_science_hill_busstop
36.999928,-122.06241,4.18717,36.9999199,-122.0624037,18.0,36.999927129544496,-122.06240820356713,north_science_hill_busstop
36.999966,-122.06237,3.3169575,36.9999141,-122.0623776,10.0,36.99996055648592,-122.0623710238181,north_science_hill_busstop
36.999966,-122.062355,5.7332087,36.9999223,-122.0623814,18.0,36.99996167331609,-122.06235746926792,north_science_hill_busstop
36.999996,-122.06235,6.8399,36.9999279,-122.0623712,8.0,36.9999279,-122.0623712,none